[1,["f6SJZOjTJB/JrJeh5xTdF7","39FN6EJbhOY4XhLGzhrFkD@925cb","39FN6EJbhOY4XhLGzhrFkD@06d34","39FN6EJbhOY4XhLGzhrFkD@50768","39FN6EJbhOY4XhLGzhrFkD@95217","39FN6EJbhOY4XhLGzhrFkD@61516","39FN6EJbhOY4XhLGzhrFkD@30732","39FN6EJbhOY4XhLGzhrFkD@d6019","39FN6EJbhOY4XhLGzhrFkD@f1394","39FN6EJbhOY4XhLGzhrFkD@8f8aa","39FN6EJbhOY4XhLGzhrFkD@935df","39FN6EJbhOY4XhLGzhrFkD@a6a5b","39FN6EJbhOY4XhLGzhrFkD@0ffa8","39FN6EJbhOY4XhLGzhrFkD@75ee4","39FN6EJbhOY4XhLGzhrFkD@0c740","39FN6EJbhOY4XhLGzhrFkD@a72ab","39FN6EJbhOY4XhLGzhrFkD@94811","39FN6EJbhOY4XhLGzhrFkD@02b1c","39FN6EJbhOY4XhLGzhrFkD@1724a","39FN6EJbhOY4XhLGzhrFkD@8e14e","39FN6EJbhOY4XhLGzhrFkD@202d6","39FN6EJbhOY4XhLGzhrFkD@f9c37","39FN6EJbhOY4XhLGzhrFkD@a87fb","39FN6EJbhOY4XhLGzhrFkD@e836f","39FN6EJbhOY4XhLGzhrFkD@e1c54","39FN6EJbhOY4XhLGzhrFkD@055a1","39FN6EJbhOY4XhLGzhrFkD@fab8f","39FN6EJbhOY4XhLGzhrFkD@b61ed","39FN6EJbhOY4XhLGzhrFkD@f0252","39FN6EJbhOY4XhLGzhrFkD@cdd36","39FN6EJbhOY4XhLGzhrFkD@9cc98","39FN6EJbhOY4XhLGzhrFkD@02f07","39FN6EJbhOY4XhLGzhrFkD@f902f"],["_parent","_effectAsset","node","_mesh","_skeleton","root","data","_defaultClip"],[["cc.Node",["_name","_prefab","_children","_parent","_lpos","_lrot","_euler","_lscale","_components"],2,4,2,1,5,5,5,5,9],["cc.Node",["_name","_parent","_children","_prefab","_lpos","_lrot","_euler","_lscale"],2,1,9,4,5,5,5,5],["cc.Material",["_name","_states","_defines","_props"],0,12],["cc.Mesh",["_native","_hash","_struct"],1,11],["cc.Prefab",["_name"],2],["cc.SkeletalAnimation",["node","__prefab","_clips","_defaultClip"],3,1,4,3,6],["cc.CompPrefabInfo",["fileId"],2],["cc.PrefabInfo",["fileId","instance","targetOverrides","nestedPrefabInstanceRoots","root","asset"],-1,1,1],["cc.SkinnedMeshRenderer",["node","__prefab","_materials","bakeSettings","_skinningRoot","_mesh","_skeleton"],3,1,4,3,4,1,6,6],["cc.ModelBakeSettings",[],3],["cc.Skeleton",["_name","_hash","_joints","_bindposes"],0,12]],[[7,0,1,2,3,4,5,5],[0,0,3,2,1,4,5,6,2],[0,0,3,1,4,2],[2,0,1,2,3,4],[1,0,1,2,3,4,5,6,2],[6,0,2],[3,0,1,2,3],[0,0,3,8,1,5,7,6,2],[8,0,1,2,3,4,5,6,1],[9,1],[10,0,1,2,3,4],[0,0,2,1,4,5,6,2],[0,0,3,2,1,4,5,7,6,2],[1,0,1,2,3,4,5,7,6,2],[1,0,1,2,3,4,2],[4,0,2],[0,0,2,8,1,2],[0,0,3,2,1,4,2],[0,0,3,2,1,5,7,6,2],[5,0,1,2,3,1]],[[[[3,"Main_Light",[{"rasterizerState":{},"blendState":{"targets":[{}]},"depthStencilState":{}}],[{"DCC_APP_NAME":2,"HAS_EXPORTED_METALLIC":true}],[[[{"shininessExponent":9.607843137254903,"emissiveScale":0,"metallic":0,"specularFactor":0.25,"transparencyFactor":0},"mainColor",8,[4,4285708263],"emissive",8,[4,4285708263]]],11]]],0,0,[0],[1],[0]],[[[6,".bin",2304982058,[{"primitives":[{"primitiveMode":7,"jointMapIndex":0,"vertexBundelIndices":[0],"indexView":{"offset":10752,"length":1920,"count":960,"stride":2}},{"primitiveMode":7,"jointMapIndex":0,"vertexBundelIndices":[1],"indexView":{"offset":19968,"length":1392,"count":696,"stride":2}}],"vertexBundles":[{"view":{"offset":0,"length":10752,"count":224,"stride":48},"attributes":[{"name":"a_position","format":32,"isNormalized":false},{"name":"a_normal","format":32,"isNormalized":false},{"name":"a_joints","format":42,"isNormalized":false},{"name":"a_weights","format":44,"isNormalized":false}]},{"view":{"offset":12672,"length":7296,"count":152,"stride":48},"attributes":[{"name":"a_position","format":32,"isNormalized":false},{"name":"a_normal","format":32,"isNormalized":false},{"name":"a_joints","format":42,"isNormalized":false},{"name":"a_weights","format":44,"isNormalized":false}]}],"jointMaps":[[0,14,15,16,17,18,19,20,21]]},"minPosition",8,[1,-0.016993975266814232,-0.0027120979502797127,0.010849732905626297],"maxPosition",8,[1,0.016993975266814232,0.0034050336107611656,0.01761326566338539]]],-1],0,0,[],[],[]],[[[6,".bin",1379772430,[{"primitives":[{"primitiveMode":7,"jointMapIndex":0,"vertexBundelIndices":[0],"indexView":{"offset":26016,"length":5640,"count":2820,"stride":2}},{"primitiveMode":7,"jointMapIndex":0,"vertexBundelIndices":[1],"indexView":{"offset":35544,"length":768,"count":384,"stride":2}},{"primitiveMode":7,"jointMapIndex":0,"vertexBundelIndices":[2],"indexView":{"offset":40632,"length":672,"count":336,"stride":2}},{"primitiveMode":7,"jointMapIndex":0,"vertexBundelIndices":[3],"indexView":{"offset":42264,"length":120,"count":60,"stride":2}},{"primitiveMode":7,"jointMapIndex":0,"vertexBundelIndices":[4],"indexView":{"offset":44688,"length":360,"count":180,"stride":2}}],"vertexBundles":[{"view":{"offset":0,"length":26016,"count":542,"stride":48},"attributes":[{"name":"a_position","format":32,"isNormalized":false},{"name":"a_normal","format":32,"isNormalized":false},{"name":"a_joints","format":42,"isNormalized":false},{"name":"a_weights","format":44,"isNormalized":false}]},{"view":{"offset":31656,"length":3888,"count":81,"stride":48},"attributes":[{"name":"a_position","format":32,"isNormalized":false},{"name":"a_normal","format":32,"isNormalized":false},{"name":"a_joints","format":42,"isNormalized":false},{"name":"a_weights","format":44,"isNormalized":false}]},{"view":{"offset":36312,"length":4320,"count":90,"stride":48},"attributes":[{"name":"a_position","format":32,"isNormalized":false},{"name":"a_normal","format":32,"isNormalized":false},{"name":"a_joints","format":42,"isNormalized":false},{"name":"a_weights","format":44,"isNormalized":false}]},{"view":{"offset":41304,"length":960,"count":20,"stride":48},"attributes":[{"name":"a_position","format":32,"isNormalized":false},{"name":"a_normal","format":32,"isNormalized":false},{"name":"a_joints","format":42,"isNormalized":false},{"name":"a_weights","format":44,"isNormalized":false}]},{"view":{"offset":42384,"length":2304,"count":48,"stride":48},"attributes":[{"name":"a_position","format":32,"isNormalized":false},{"name":"a_normal","format":32,"isNormalized":false},{"name":"a_joints","format":42,"isNormalized":false},{"name":"a_weights","format":44,"isNormalized":false}]}],"jointMaps":[[0,7]]},"minPosition",8,[1,-0.009257166646420956,-0.00825712364166975,0.014156362041831017],"maxPosition",8,[1,0.009257166646420956,0.007367399986833334,0.034723155200481415]]],-1],0,0,[],[],[]],[[[15,"Character"],[16,"Character",[-3,-4,-5,-6,-7],[[19,-2,[5,"5eypEH9ZNbyp2ZhJ2bZ4bH"],[19,20,21,22,23,24,25,26,27,28,29,30,31,32,33,34,35,36],37]],[0,"5cOAlUBe5TW4pKlwREhLur",null,null,null,-1,0]],[11,"Root",[-8,-9,-10,-11,-12],[0,"adIuOM2VxXJ63F6KUFOQvd",null,null,null,1,0],[1,-0.000013114691682858393,0.00000114684200980264,-0.000024153698177542537],[3,0.7071067215818791,1.6858736562186083e-7,1.6858736562186083e-7,0.7071068407911707],[1,89.9999903406537,2.302967237193104e-12,0.000027320752074115044]],[17,"Body",2,[-13,-14,-15],[0,"6amMzYcrhRyotYykNdgxjt",null,null,null,1,0],[1,0.00002152985689463094,0.0062598250806331635,0.0015489031793549657]],[11,"Torso",[-16,-17,-18],[0,"6apGuRumFQspNYklEJBT85",null,null,null,1,0],[1,-4.1986859410265975e-13,0.0029857857152819633,-2.5387034488510984e-11],[3,-0.013158745468086316,-8.322603760871816e-7,-2.942849816748273e-9,0.999913419960455],[1,-1.507924676993324,-0.00009536619433978132,9.177531882031699e-7]],[11,"Head",[-19,-20],[0,"d52Grlp5pc5LM7SqKjvfbF",null,null,null,1,0],[1,2.02931001538377e-13,0.0013349783839657903,-1.5376738771166742e-10],[3,-0.056177299225726424,-0.0002750402188090511,0.000015433473823851184,0.9984207706004464],[1,-6.440834370970982,-0.031368163939916836,0.0035363089782316833]],[18,"CharacterArmature",1,[2],[0,"0bYquUc+pfFIgpbFOjXXZG",null,null,null,1,0],[3,-0.7071068407911908,0,0,0.7071067215818992],[1,100,100,100],[1,-90.00000965934633,0,0]],[4,"Foot.L",2,[[2,"Foot.L_end",-21,[0,"2erQDHxlNTrL7v3qaxjc1m",null,null,null,1,0],[1,1.1102229998097382e-18,0.0010722861625254154,0]]],[0,"1bF3QG87NUSp0KGVMPZeXO",null,null,null,1,0],[1,0.00547235319390893,0.0002466287405695766,-0.00045055270311422646],[3,0.000007854551834472284,0.7029519140511856,0.7112373769774867,0.000007763063033163802],[1,-90.67136221228333,-179.9999851729035,0.0012654062634146986]],[1,"Hips",3,[-22],[0,"9ewG4v+6RcNqYYs8aCs4gF",null,null,null,1,0],[1,-0.000014798371012147982,-0.002312484895810485,-0.0018182193161919713],[3,-0.05076884734269801,-2.6733027266334997e-7,-2.275167024710561e-8,0.99871043057506],[1,-5.820183425645421,-0.000030726650284987395,-0.0000010485449178606797]],[1,"Abdomen",8,[4],[0,"65KxjpX39Zwa4gaLu8276b",null,null,null,1,0],[1,-8.686384944667225e-13,0.00314338062889874,-3.840139317645708e-11],[3,0.13505887991391408,4.309374903333952e-7,1.1730543297639555e-7,0.990837574457186],[1,15.524049282562126,0.00004711385164825128,0.000019988499618511357]],[1,"Neck",4,[5],[0,"5eJvfSIP9e7JJBiFDoK1DZ",null,null,null,1,0],[1,6.082956404210305e-13,0.005880691576749086,2.2739564398133183e-10],[3,-0.027065466907894294,6.777681801414148e-7,-1.8720282975907236e-9,0.9996336631489551],[1,-3.101852832329988,0.00007763225426797959,-0.0000023165204768533843]],[1,"Ear1.L",5,[-23],[0,"8fjsUh8rda951zerjkK7j1",null,null,null,1,0],[1,0.004592937417328358,0.006956894416362047,-0.001318116090260446],[3,0.0947101959224945,-0.04893387230358626,-0.19350664797351758,0.9752900246181911],[1,10.357520177093669,-3.6554107970729492,-22.75051682806963]],[1,"Ear2.L",11,[-24],[0,"6fovR1v1pZ0YUCv8GBP7jK",null,null,null,1,0],[1,1.3205862792187162e-10,0.0034060075413435698,4.0861777850231817e-10],[3,-0.23735898777903688,-0.03381134576021569,-0.010718588737496511,0.970774235172046],[1,-27.48872338875674,-4.056231532473144,-0.2727178224352571]],[4,"Ear3.L",12,[[2,"Ear3.L_end",-25,[0,"78Smi3NaNTebBhA/AgQcPT",null,null,null,1,0],[1,0,0.0048442864790558815,-4.440891999238953e-18]]],[0,"0dq/lEttRQQbGW2YHIBHJG",null,null,null,1,0],[1,-5.029142102763728e-10,0.006946062669157982,3.329478082125803e-10],[3,-0.5142295983039435,-0.11225150583259333,0.18433711027468,0.8300526184779257],[1,-63.602787768510765,0.20432196677499298,24.927119704469288]],[1,"Ear1.R",5,[-26],[0,"09MvjkdtlcFIlNiqbalT1z",null,null,null,1,0],[1,-0.004581618122756481,0.0069568948820233345,-0.0013130680890753865],[3,0.09481667912460374,0.04947048522317125,0.19345446308879274,0.9752629589821367],[1,10.357523473170607,3.7184607007805104,22.750511748951627]],[1,"Ear2.R",14,[-27],[0,"81OK3K4M1Za5jVUmU8Kt6y",null,null,null,1,0],[1,-1.3168756085590871e-9,0.003406006144359708,-2.9569491299952233e-10],[3,-0.22337554606442378,0.0275211225072446,0.011860749796439874,0.9742716642962721],[1,-25.844821671592737,3.3783028760195872,0.6197285837008767]],[4,"Ear3.R",15,[[2,"Ear3.R_end",-28,[0,"d2lCaa6Nhe9696kG0mqtfN",null,null,null,1,0],[1,1.1102229998097382e-18,0.0048442864790558815,0]]],[0,"95poSO2ltdhoy1mDq+jEIF",null,null,null,1,0],[1,5.029142102763728e-10,0.006946063134819269,2.072192695212749e-10],[3,-0.5012424574437829,0.10936747461324166,-0.18606258877677495,0.8379591084355633],[1,-61.81840395249526,-0.20432901186127372,-24.927108954104334]],[1,"Shoulder.L",4,[-29],[0,"cfpV+RzIteW6wVidrpXSXx",null,null,null,1,0],[1,0.0013858472229912877,0.0014109010808169842,0.00013996414782013744],[3,-0.048792317292175334,0.04266177098809461,-0.4105006736101617,0.909554000615149],[1,-4.666955411324667,3.2593432656466255,-48.66910974182734]],[1,"UpperArm.L",17,[-30],[0,"16kJLE2wpZNKC4e2kfP6UP",null,null,null,1,0],[1,9.476207596392783e-10,0.002595315920189023,1.1175870645585562e-10],[3,0.5267855935447628,0.5036088050776565,0.47415752528309674,-0.4940139179206963],[1,-90.26733437403709,-87.52468255212005,3.560754486298281]],[1,"LowerArm.L",18,[-31],[0,"2do1y42mFX2awrarNFGT6W",null,null,null,1,0],[1,9.313225884932663e-11,0.0052827103063464165,-6.984919587171845e-11],[3,-0.02938166991861192,0.2615050661099025,-0.28078290687133345,0.9229912118111057],[1,6.2873173796614665,33.45702044646761,-32.254925775250484]],[4,"Fist.L",19,[[2,"Fist.L_end",-32,[0,"0bUcyUdAlQfZlPJnfteRJe",null,null,null,1,0],[1,-1.1102229998097382e-18,0.0028009640518575907,-1.1102229998097382e-18]]],[0,"4e4Uog4p9caL6cqpsmrer2",null,null,null,1,0],[1,1.210719302591201e-10,0.00425347127020359,9.685754420729609e-10],[3,0.012537901602064097,0.01819520116470782,-0.006543083279391966,0.9997344266049818],[1,1.4502690252925743,2.094496825756377,-0.7234604843557517]],[1,"Shoulder.R",4,[-33],[0,"e9sc4nogxbp4g9e/T18lzU",null,null,null,1,0],[1,-0.0013730796054005623,0.0014109000330790877,0.000139965966809541],[3,-0.04879205277538393,-0.04266122335190327,0.4105007628389236,0.9095540002202974],[1,-4.666952689214128,-3.2592752912979206,48.66911720152526]],[1,"UpperArm.R",21,[-34],[0,"51Osl1v4BZs7UaqK321tcq",null,null,null,1,0],[1,-1.0989605891964516e-9,0.0025953168515115976,7.450580430390374e-11],[3,0.5267856667071481,-0.5036088776435468,-0.47415747788171886,-0.49401381142571293],[1,-90.26733806803209,87.52468573976138,-3.5607715916549356]],[1,"LowerArm.R",22,[-35],[0,"7cshwdohBRWJqQepBRK7Jo",null,null,null,1,0],[1,-3.469446874405432e-20,0.005282712168991566,-6.007030428634152e-10],[3,-0.029381699466221243,-0.26150509364521063,0.28078290443719806,0.9229912038096016],[1,6.287314699191582,-33.4570231269375,32.25492632301886]],[4,"Fist.R",23,[[2,"Fist.R_end",-36,[0,"e9jl0RijZU5YeTvurNH91U",null,null,null,1,0],[1,5.551114999048691e-19,0.0028009640518575907,1.1102229998097382e-18]]],[0,"5eFudXplBeurTY+eHk7T0j",null,null,null,1,0],[1,-7.450580430390374e-11,0.004253474064171314,2.0489096530518225e-10],[3,0.012537899748315371,-0.018195167650004975,0.006543071642502236,0.9997344273143595],[1,1.4502687640386638,-2.0944929661672456,0.7234592036672668]],[12,"UpperLeg.L",3,[-37],[0,"4fXv+4FJ1cYJrj+PfMrJ8m",null,null,null,1,0],[1,0.0053483969531953335,-0.0018147820373997092,-0.0019150321604683995],[3,0.9335188401531997,0.015996922033582234,0.005364467465687634,0.35813111572898215],[1,1.000000238418579,1.0000011920928955,1.0000019073486328],[1,138.02141668865602,0.08268633809236502,1.9317620959677284]],[13,"LowerLeg.L",25,[[2,"LowerLeg.L_end",-38,[0,"15sthDa5pSvazRSOd3N55+",null,null,null,1,0],[1,0,0.0029538553208112717,-2.7755574995243454e-19]]],[0,"c9nWM6/4FfB50oVQ2pJ38E",null,null,null,1,0],[1,-7.014023251095125e-10,0.002372972434386611,2.60770322002557e-10],[3,0.6141739944998293,0.009760526719808949,0.016216795525306724,0.7889436305219569],[1,1,0.9999986290931702,1.0000001192092896],[1,75.80470115938425,-0.25909533538239793,2.1535448260245365]],[12,"UpperLeg.R",3,[-39],[0,"8c1padDllXZITCMZE/hnEL",null,null,null,1,0],[1,-0.005365225486457348,-0.0018147820373997092,-0.00191503984387964],[3,0.9335189263177263,-0.01599707979215647,-0.0053637762344601984,0.3581308944355814],[1,0.9999999403953552,1.0000009536743164,1.0000019073486328],[1,138.02144256446772,-0.08276634202770226,-1.9317506200457644]],[13,"LowerLeg.R",27,[[2,"LowerLeg.R_end",-40,[0,"9eks/hPdhcsb+/cCn6/fhO",null,null,null,1,0],[1,0,0.0029538553208112717,6.938893748810864e-20]]],[0,"71y5atdFhb+Lv63/mqHNKI",null,null,null,1,0],[1,8.860661093734734e-10,0.0023729715030640364,-2.887100003512444e-10],[3,0.6141736584495563,-0.009760413441367225,-0.01621664335814263,0.7889438966582709],[1,1.0000001192092896,0.999998152256012,1],[1,75.80465195514334,0.25909394025196064,-2.1535232001416436]],[14,"PoleTarget.L",2,[[2,"PoleTarget.L_end",-41,[0,"96UbwJf0Va+IiqHg63n0uL",null,null,null,1,0],[1,0,0.002736716764047742,0]]],[0,"2brJKr4U1XNrNA9/DZKhLl",null,null,null,1,0],[1,0.005438046995550394,0.002485222415998578,0.009631470777094364]],[4,"Foot.R",2,[[2,"Foot.R_end",-42,[0,"3fdx2Y+PdWhoKEG8p4afyQ",null,null,null,1,0],[1,0,0.0010722861625254154,3.469446874405432e-20]]],[0,"89dsYaEiRXXJ15bgkzoATn",null,null,null,1,0],[1,-0.0054461234249174595,0.0002466287405695766,-0.00045055788359604776],[3,-0.000007854551834472284,0.7029519140511856,0.7112373769774867,-0.000007763063033163802],[1,-90.67136221228333,179.9999851729035,-0.0012654062634146986]],[14,"PoleTarget.R",2,[[2,"PoleTarget.R_end",-43,[0,"7ddDmND9VZypzYy83dqbN5",null,null,null,1,0],[1,1.1102229998097382e-18,0.002736716764047742,0]]],[0,"34O6RDKaBUjJwwK0s8km16",null,null,null,1,0],[1,-0.005411827005445957,0.002485222415998578,0.009631466120481491]],[7,"Body",1,[[8,-44,[5,"e9+8veY/ZWI50qTZezBSDB"],[0,1,2],[9],1,3,4]],[0,"0fclrOesNdoZyKzrqk8+wt",null,null,null,1,0],[3,-0.7071068407911908,0,0,0.7071067215818992],[1,100,100,100],[1,-90.00000965934633,0,0]],[7,"Ears",1,[[8,-45,[5,"c8T2JKcW5QFKMPnkHMNbkc"],[5],[9],1,6,7]],[0,"d5zYSK2URagrRl6q4sn4e1",null,null,null,1,0],[3,-0.7071068407911908,0,0,0.7071067215818992],[1,100,100,100],[1,-90.00000965934633,0,0]],[7,"Head",1,[[8,-46,[5,"12eP3try1Qioz5klzLeeTQ"],[8,9,10,11,12],[9],1,13,14]],[0,"10wjy08bZbZ6enXjyKkHz2",null,null,null,1,0],[3,-0.7071068407911908,0,0,0.7071067215818992],[1,100,100,100],[1,-90.00000965934633,0,0]],[7,"Arms",1,[[8,-47,[5,"89Xyo7/OJUaLK6eTNc22Nx"],[15,16],[9],1,17,18]],[0,"11i9KaOmdY3KnY4ieFSWmI",null,null,null,1,0],[3,-0.7071068407911908,0,0,0.7071067215818992],[1,100,100,100],[1,-90.00000965934633,0,0]]],0,[0,5,1,0,2,1,0,-1,6,0,-2,32,0,-3,33,0,-4,34,0,-5,35,0,-1,7,0,-2,3,0,-3,29,0,-4,30,0,-5,31,0,-1,8,0,-2,25,0,-3,27,0,-1,10,0,-2,17,0,-3,21,0,-1,11,0,-2,14,0,0,7,0,-1,9,0,-1,12,0,-1,13,0,0,13,0,-1,15,0,-1,16,0,0,16,0,-1,18,0,-1,19,0,-1,20,0,0,20,0,-1,22,0,-1,23,0,-1,24,0,0,24,0,-1,26,0,0,26,0,-1,28,0,0,28,0,0,29,0,0,30,0,0,31,0,2,32,0,2,33,0,2,34,0,2,35,0,6,1,2,0,6,4,0,9,5,0,10,47],[0,0,0,0,0,0,0,0,0,0,0,0,0,0,0,0,0,0,0,0,0,0,0,0,0,0,0,0,0,0,0,0,0,0,0,0,0,0],[-1,-2,-3,3,4,-1,3,4,-1,-2,-3,-4,-5,3,4,-1,-2,3,4,-1,-2,-3,-4,-5,-6,-7,-8,-9,-10,-11,-12,-13,-14,-15,-16,-17,-18,7],[1,2,4,5,6,1,7,8,1,2,9,10,11,12,13,1,2,14,15,3,16,17,18,19,20,21,22,23,24,25,26,27,28,29,30,31,32,3]],[[[10,"Skin-0",496344881,["CharacterArmature/Root","CharacterArmature/Root/Foot.L","CharacterArmature/Root/Body","CharacterArmature/Root/Body/Hips","CharacterArmature/Root/Body/Hips/Abdomen","CharacterArmature/Root/Body/Hips/Abdomen/Torso","CharacterArmature/Root/Body/Hips/Abdomen/Torso/Neck","CharacterArmature/Root/Body/Hips/Abdomen/Torso/Neck/Head","CharacterArmature/Root/Body/Hips/Abdomen/Torso/Neck/Head/Ear1.L","CharacterArmature/Root/Body/Hips/Abdomen/Torso/Neck/Head/Ear1.L/Ear2.L","CharacterArmature/Root/Body/Hips/Abdomen/Torso/Neck/Head/Ear1.L/Ear2.L/Ear3.L","CharacterArmature/Root/Body/Hips/Abdomen/Torso/Neck/Head/Ear1.R","CharacterArmature/Root/Body/Hips/Abdomen/Torso/Neck/Head/Ear1.R/Ear2.R","CharacterArmature/Root/Body/Hips/Abdomen/Torso/Neck/Head/Ear1.R/Ear2.R/Ear3.R","CharacterArmature/Root/Body/Hips/Abdomen/Torso/Shoulder.L","CharacterArmature/Root/Body/Hips/Abdomen/Torso/Shoulder.L/UpperArm.L","CharacterArmature/Root/Body/Hips/Abdomen/Torso/Shoulder.L/UpperArm.L/LowerArm.L","CharacterArmature/Root/Body/Hips/Abdomen/Torso/Shoulder.L/UpperArm.L/LowerArm.L/Fist.L","CharacterArmature/Root/Body/Hips/Abdomen/Torso/Shoulder.R","CharacterArmature/Root/Body/Hips/Abdomen/Torso/Shoulder.R/UpperArm.R","CharacterArmature/Root/Body/Hips/Abdomen/Torso/Shoulder.R/UpperArm.R/LowerArm.R","CharacterArmature/Root/Body/Hips/Abdomen/Torso/Shoulder.R/UpperArm.R/LowerArm.R/Fist.R","CharacterArmature/Root/Body/UpperLeg.L","CharacterArmature/Root/Body/UpperLeg.L/LowerLeg.L","CharacterArmature/Root/Body/UpperLeg.R","CharacterArmature/Root/Body/UpperLeg.R/LowerLeg.R","CharacterArmature/Root/PoleTarget.L","CharacterArmature/Root/Foot.R","CharacterArmature/Root/PoleTarget.R"],[[[7,1,4.336808996903573e-21,4.76837158203125e-7,0,4.7683712978141557e-7,6.123234924670329e-17,-1.0000001192092896,0,-4.366006695380848e-21,1.0000001192092896,6.123234924670329e-17,0,0.000013114689863868989,0.000024153701815521345,0.0000011468483762655524,1],[7,-1,4.7680259740445763e-7,0.000022091091523179784,0,-7.356193236773834e-7,-0.9999314546585083,-0.011717373505234718,0,0.000022083986550569534,-0.011717373505234718,0.9999314546585083,0,0.005459234118461609,0.0004542753449641168,-0.00021728755382355303,1],[7,1,2.8421722982931164e-14,7.152558509915252e-7,0,7.152558509915252e-7,6.123234924670329e-17,-1.0000001192092896,0,-2.8421719594799374e-14,1.0000001192092896,6.121202045596919e-17,0,-0.000008414796866418328,-0.007197085302323103,-0.0015477563720196486,1],[7,1,5.693572349696474e-11,1.7990794276556699e-7,0,1.7897475856898382e-7,0.10140672326087952,-0.9948450326919556,0,-1.8300518433989055e-8,0.9948450326919556,0.10140672326087952,0,0.000006383808795362711,-0.004886846989393234,-0.00022626275313086808,1],[7,1.0000001192092896,7.18870899222776e-14,0.0000010559754173300462,0,0.000001052559355230187,-0.0803690105676651,-0.9967653751373291,0,8.486760094683632e-8,0.99676513671875,-0.0803690180182457,0,0.000006382467745424947,-0.007938504219055176,0.0012312154285609722,1],[7,1,-1.250553886790115e-13,-6.086894472900894e-7,0,-6.077975740481634e-7,-0.05411107465624809,-0.9985347986221313,0,-3.293671824167177e-8,0.9985347986221313,-0.05411108210682869,0,0.000006384341304510599,-0.010952905751764774,0.0009433141094632447,1],[7,1.0000001192092896,-8.649320842879504e-12,7.473436198779382e-7,0,7.473435061911005e-7,7.450600136849062e-9,-1.0000001192092896,0,8.643753247883357e-12,1.0000001192092896,7.450601913205901e-9,0,0.000006383744675986236,-0.016859978437423706,0.000031047566153574735,1],[7,0.9999998807907104,-7.842351074094367e-11,-0.000550202967133373,0,-0.000550202967133373,5.053213804257536e-16,-0.9999998807907104,0,7.842351074094367e-11,1.0000001192092896,-4.264353152820706e-14,0,0.0000064008490880951285,-0.018194958567619324,0.00003104414645349607,1],[7,0.9202889204025269,0.36806902289390564,-0.13264122605323792,0,-0.05930168554186821,-0.20388038456439972,-0.9771981239318848,0,-0.38671937584877014,0.9071702361106873,-0.1658017635345459,0,0.005584943573921919,-0.02423088811337948,0.006094613578170538,1],[7,0.9068390727043152,0.4214649498462677,-0.0032338753808289766,0,-0.06508973985910416,0.13246040046215057,-0.9890488386154175,0,-0.41642120480537415,0.8971182703971863,0.14755330979824066,0,0.006506109610199928,-0.027884265407919884,-0.0035031901206821203,1],[7,1.000000238418579,-1.1033461788656496e-7,-1.705288070752431e-7,0,2.398156517813277e-8,0.8978539109230042,-0.44029366970062256,0,2.0168963033029286e-7,0.4402937889099121,0.8978536128997803,0,-0.008768455125391483,-0.016589991748332977,-0.030259544029831886,1],[7,0.9202889204025269,-0.3680689036846161,0.1326412558555603,0,0.0593017116189003,-0.20388047397136688,-0.9771982431411743,0,0.3867192268371582,0.907170295715332,-0.16580183804035187,0,-0.005584938917309046,-0.024230893701314926,0.0060946149751544,1],[7,0.9068391919136047,-0.4214649200439453,0.0032338888850063086,0,0.06508974730968475,0.13246041536331177,-0.9890490174293518,0,0.41642114520072937,0.897118330001831,0.14755330979824066,0,-0.00650610588490963,-0.027884259819984436,-0.0035031873267143965,1],[7,1.000000238418579,8.271165796713831e-8,4.281060128619174e-8,0,-5.541373226947144e-8,0.897854208946228,-0.4402937889099121,0,-7.485509456728323e-8,0.44029390811920166,0.8978538513183594,0,0.008768451400101185,-0.016589995473623276,-0.030259549617767334,1],[7,0.6639506220817566,0.7477763295173645,0.0000018427857639835565,0,0.00000279647588286025,-1.8637638987684113e-8,-1,0,-0.7477762699127197,0.6639506816864014,-0.000002103513452311745,0,0.008431299589574337,-0.009163986891508102,0.00012069485819665715,1],[7,0.042818501591682434,0.9990792870521545,-0.0026740478351712227,0,-0.9971382021903992,0.0429019071161747,0.06224985420703888,0,0.06230727583169937,9.497390465185163e-7,0.998056948184967,0,-0.0008957953541539609,-0.0031976092141121626,-0.014083870686590672,1],[7,-0.02971331588923931,0.9992515444755554,0.024763137102127075,0,-0.9995574951171875,-0.029667751863598824,-0.0022052202839404345,0,-0.0014689036179333925,-0.024817703291773796,0.9996907711029053,0,0.0006196522153913975,-0.008106328547000885,-0.014317017048597336,1],[7,-0.0432128831744194,0.999064564704895,-0.0016282371943816543,0,-0.9983549118041992,-0.043243542313575745,-0.037652816623449326,0,-0.03768801689147949,-0.0000015281020750990137,0.9992892742156982,0,0.0012984611093997955,-0.012702014297246933,-0.01396778505295515,1],[7,0.663950502872467,-0.7477763891220093,-0.0000018447299225954339,0,-0.0000027951834908890305,-1.488968592866513e-8,-1,0,0.7477763295173645,0.6639505624771118,-0.0000021000587366870604,0,-0.008431300520896912,-0.009163985960185528,0.00012069481454091147,1],[7,0.04281852766871452,-0.9990794658660889,0.0026739155873656273,0,0.9971381425857544,0.042901940643787384,0.06224987283349037,0,-0.06230728328227997,8.151673114298319e-7,0.998056948184967,0,0.0008957955287769437,-0.0031976078171283007,-0.014083871617913246,1],[7,-0.029713260009884834,-0.9992517232894897,-0.0247636791318655,0,0.9995574355125427,-0.029667699709534645,-0.0022052465938031673,0,0.001468915375880897,-0.02481825090944767,0.99969083070755,0,-0.0006196516915224493,-0.008106320165097713,-0.014317022636532784,1],[7,-0.04321281984448433,-0.9990646243095398,0.0016286550089716911,0,0.9983549118041992,-0.04324350506067276,-0.03765277937054634,0,0.0376879945397377,-0.0000011070046639360953,0.9992893934249878,0,-0.0012984599452465773,-0.01270202174782753,-0.013967781327664852,1],[7,0.9992834329605103,0.03757771477103233,0.004518363159149885,0,0.005347129888832569,-0.258350133895874,0.966035783290863,0,0.037468768656253815,-0.9653202891349792,-0.2583657205104828,0,-0.005556604824960232,0.005089236423373222,0.001011593616567552,1],[7,0.9999998807907104,-1.0239316594606862e-7,-4.984169663657667e-7,0,5.085020120532135e-7,0.23606722056865692,0.9717361330986023,0,1.8160781323217634e-8,-0.9717367887496948,0.23606708645820618,0,-0.005445981863886118,0.0030622673220932484,-0.0004909973358735442,1],[7,0.999283492565155,-0.03757736459374428,-0.004518331028521061,0,-0.005347073078155518,-0.2583502531051636,0.966035783290863,0,-0.03746842220425606,-0.9653204679489136,-0.25836583971977234,0,0.00555660342797637,0.005089239217340946,0.0010115941986441612,1],[7,1,9.85353665328148e-8,5.180431799090002e-7,0,-5.26662972788472e-7,0.23606730997562408,0.9717361330986023,0,-2.6542698705611656e-8,-0.9717368483543396,0.23606710135936737,0,0.005445980466902256,0.0030622677877545357,-0.0004909970448352396,1],[7,1,2.842172975919474e-14,7.152558509915252e-7,0,7.152558509915252e-7,6.123234924670329e-17,-1.0000001192092896,0,-2.842172637106295e-14,1.0000001192092896,6.121202045596919e-17,0,-0.00542493024840951,-0.0024610699620097876,-0.009630325250327587,1],[7,-1,4.76806320648393e-7,-0.000022079917471273802,0,-2.180549643071572e-7,-0.9999314546585083,-0.011717373505234718,0,-0.000022083986550569534,-0.011717373505234718,0.9999314546585083,0,-0.005459233652800322,0.00045428055454976857,-0.0002172874956158921,1],[7,1,-1.4210857425707435e-13,-7.152557373046875e-7,0,-7.152557373046875e-7,6.123234924670329e-17,-1.0000001192092896,0,1.4210857425707435e-13,1.0000001192092896,6.113070529303278e-17,0,0.00542493024840951,-0.0024610699620097876,-0.009630325250327587,1]],8,8,8,8,8,8,8,8,8,8,8,8,8,8,8,8,8,8,8,8,8,8,8,8,8,8,8,8,8]]],0,0,[],[],[]],[[[6,".bin",3995550831,[{"primitives":[{"primitiveMode":7,"jointMapIndex":0,"vertexBundelIndices":[0],"indexView":{"offset":16704,"length":3864,"count":1932,"stride":2}},{"primitiveMode":7,"jointMapIndex":0,"vertexBundelIndices":[1],"indexView":{"offset":25464,"length":768,"count":384,"stride":2}},{"primitiveMode":7,"jointMapIndex":0,"vertexBundelIndices":[2],"indexView":{"offset":28920,"length":504,"count":252,"stride":2}}],"vertexBundles":[{"view":{"offset":0,"length":16704,"count":348,"stride":48},"attributes":[{"name":"a_position","format":32,"isNormalized":false},{"name":"a_normal","format":32,"isNormalized":false},{"name":"a_joints","format":42,"isNormalized":false},{"name":"a_weights","format":44,"isNormalized":false}]},{"view":{"offset":20568,"length":4896,"count":102,"stride":48},"attributes":[{"name":"a_position","format":32,"isNormalized":false},{"name":"a_normal","format":32,"isNormalized":false},{"name":"a_joints","format":42,"isNormalized":false},{"name":"a_weights","format":44,"isNormalized":false}]},{"view":{"offset":26232,"length":2688,"count":56,"stride":48},"attributes":[{"name":"a_position","format":32,"isNormalized":false},{"name":"a_normal","format":32,"isNormalized":false},{"name":"a_joints","format":42,"isNormalized":false},{"name":"a_weights","format":44,"isNormalized":false}]}],"jointMaps":[[0,1,2,3,4,5,6,14,15,18,19,22,23,24,25,27]]},"minPosition",8,[1,-0.006838303059339523,-0.0038704571779817343,0.00010248806211166084],"maxPosition",8,[1,0.006838303059339523,0.004443109035491943,0.01790258288383484]]],-1],0,0,[],[],[]],[[[10,"Skin-2",496344881,["CharacterArmature/Root","CharacterArmature/Root/Foot.L","CharacterArmature/Root/Body","CharacterArmature/Root/Body/Hips","CharacterArmature/Root/Body/Hips/Abdomen","CharacterArmature/Root/Body/Hips/Abdomen/Torso","CharacterArmature/Root/Body/Hips/Abdomen/Torso/Neck","CharacterArmature/Root/Body/Hips/Abdomen/Torso/Neck/Head","CharacterArmature/Root/Body/Hips/Abdomen/Torso/Neck/Head/Ear1.L","CharacterArmature/Root/Body/Hips/Abdomen/Torso/Neck/Head/Ear1.L/Ear2.L","CharacterArmature/Root/Body/Hips/Abdomen/Torso/Neck/Head/Ear1.L/Ear2.L/Ear3.L","CharacterArmature/Root/Body/Hips/Abdomen/Torso/Neck/Head/Ear1.R","CharacterArmature/Root/Body/Hips/Abdomen/Torso/Neck/Head/Ear1.R/Ear2.R","CharacterArmature/Root/Body/Hips/Abdomen/Torso/Neck/Head/Ear1.R/Ear2.R/Ear3.R","CharacterArmature/Root/Body/Hips/Abdomen/Torso/Shoulder.L","CharacterArmature/Root/Body/Hips/Abdomen/Torso/Shoulder.L/UpperArm.L","CharacterArmature/Root/Body/Hips/Abdomen/Torso/Shoulder.L/UpperArm.L/LowerArm.L","CharacterArmature/Root/Body/Hips/Abdomen/Torso/Shoulder.L/UpperArm.L/LowerArm.L/Fist.L","CharacterArmature/Root/Body/Hips/Abdomen/Torso/Shoulder.R","CharacterArmature/Root/Body/Hips/Abdomen/Torso/Shoulder.R/UpperArm.R","CharacterArmature/Root/Body/Hips/Abdomen/Torso/Shoulder.R/UpperArm.R/LowerArm.R","CharacterArmature/Root/Body/Hips/Abdomen/Torso/Shoulder.R/UpperArm.R/LowerArm.R/Fist.R","CharacterArmature/Root/Body/UpperLeg.L","CharacterArmature/Root/Body/UpperLeg.L/LowerLeg.L","CharacterArmature/Root/Body/UpperLeg.R","CharacterArmature/Root/Body/UpperLeg.R/LowerLeg.R","CharacterArmature/Root/PoleTarget.L","CharacterArmature/Root/Foot.R","CharacterArmature/Root/PoleTarget.R"],[[[7,1,4.336808996903573e-21,4.76837158203125e-7,0,4.7683712978141557e-7,6.123234924670329e-17,-1.0000001192092896,0,-4.366006695380848e-21,1.0000001192092896,6.123234924670329e-17,0,0.000013114689863868989,0.000024153701815521345,0.0000011468483762655524,1],[7,-1,4.7680259740445763e-7,0.000022091091523179784,0,-7.356193236773834e-7,-0.9999314546585083,-0.011717373505234718,0,0.000022083986550569534,-0.011717373505234718,0.9999314546585083,0,0.005459234118461609,0.0004542753449641168,-0.00021728755382355303,1],[7,1,2.8421722982931164e-14,7.152558509915252e-7,0,7.152558509915252e-7,6.123234924670329e-17,-1.0000001192092896,0,-2.8421719594799374e-14,1.0000001192092896,6.121202045596919e-17,0,-0.000008414796866418328,-0.007197085302323103,-0.0015477563720196486,1],[7,1,5.693572349696474e-11,1.7990794276556699e-7,0,1.7897475856898382e-7,0.10140672326087952,-0.9948450326919556,0,-1.8300518433989055e-8,0.9948450326919556,0.10140672326087952,0,0.000006383808795362711,-0.004886846989393234,-0.00022626275313086808,1],[7,1.0000001192092896,7.18870899222776e-14,0.0000010559754173300462,0,0.000001052559355230187,-0.0803690105676651,-0.9967653751373291,0,8.486760094683632e-8,0.99676513671875,-0.0803690180182457,0,0.000006382467745424947,-0.007938504219055176,0.0012312154285609722,1],[7,1,-1.250553886790115e-13,-6.086894472900894e-7,0,-6.077975740481634e-7,-0.05411107465624809,-0.9985347986221313,0,-3.293671824167177e-8,0.9985347986221313,-0.05411108210682869,0,0.000006384341304510599,-0.010952905751764774,0.0009433141094632447,1],[7,1.0000001192092896,-8.649320842879504e-12,7.473436198779382e-7,0,7.473435061911005e-7,7.450600136849062e-9,-1.0000001192092896,0,8.643753247883357e-12,1.0000001192092896,7.450601913205901e-9,0,0.000006383744675986236,-0.016859978437423706,0.000031047566153574735,1],[7,0.9999998807907104,-7.842351074094367e-11,-0.000550202967133373,0,-0.000550202967133373,5.053213804257536e-16,-0.9999998807907104,0,7.842351074094367e-11,1.0000001192092896,-4.264353152820706e-14,0,0.0000064008490880951285,-0.018194958567619324,0.00003104414645349607,1],[7,0.9202889204025269,0.36806902289390564,-0.13264122605323792,0,-0.05930168554186821,-0.20388038456439972,-0.9771981239318848,0,-0.38671937584877014,0.9071702361106873,-0.1658017635345459,0,0.005584943573921919,-0.02423088811337948,0.006094613578170538,1],[7,0.9068390727043152,0.4214649498462677,-0.0032338753808289766,0,-0.06508973985910416,0.13246040046215057,-0.9890488386154175,0,-0.41642120480537415,0.8971182703971863,0.14755330979824066,0,0.006506109610199928,-0.027884265407919884,-0.0035031901206821203,1],[7,1.000000238418579,-1.1033461788656496e-7,-1.705288070752431e-7,0,2.398156517813277e-8,0.8978539109230042,-0.44029366970062256,0,2.0168963033029286e-7,0.4402937889099121,0.8978536128997803,0,-0.008768455125391483,-0.016589991748332977,-0.030259544029831886,1],[7,0.9202889204025269,-0.3680689036846161,0.1326412558555603,0,0.0593017116189003,-0.20388047397136688,-0.9771982431411743,0,0.3867192268371582,0.907170295715332,-0.16580183804035187,0,-0.005584938917309046,-0.024230893701314926,0.0060946149751544,1],[7,0.9068391919136047,-0.4214649200439453,0.0032338888850063086,0,0.06508974730968475,0.13246041536331177,-0.9890490174293518,0,0.41642114520072937,0.897118330001831,0.14755330979824066,0,-0.00650610588490963,-0.027884259819984436,-0.0035031873267143965,1],[7,1.000000238418579,8.271165796713831e-8,4.281060128619174e-8,0,-5.541373226947144e-8,0.897854208946228,-0.4402937889099121,0,-7.485509456728323e-8,0.44029390811920166,0.8978538513183594,0,0.008768451400101185,-0.016589995473623276,-0.030259549617767334,1],[7,0.6639506220817566,0.7477763295173645,0.0000018427857639835565,0,0.00000279647588286025,-1.8637638987684113e-8,-1,0,-0.7477762699127197,0.6639506816864014,-0.000002103513452311745,0,0.008431299589574337,-0.009163986891508102,0.00012069485819665715,1],[7,0.042818501591682434,0.9990792870521545,-0.0026740478351712227,0,-0.9971382021903992,0.0429019071161747,0.06224985420703888,0,0.06230727583169937,9.497390465185163e-7,0.998056948184967,0,-0.0008957953541539609,-0.0031976092141121626,-0.014083870686590672,1],[7,-0.02971331588923931,0.9992515444755554,0.024763137102127075,0,-0.9995574951171875,-0.029667751863598824,-0.0022052202839404345,0,-0.0014689036179333925,-0.024817703291773796,0.9996907711029053,0,0.0006196522153913975,-0.008106328547000885,-0.014317017048597336,1],[7,-0.0432128831744194,0.999064564704895,-0.0016282371943816543,0,-0.9983549118041992,-0.043243542313575745,-0.037652816623449326,0,-0.03768801689147949,-0.0000015281020750990137,0.9992892742156982,0,0.0012984611093997955,-0.012702014297246933,-0.01396778505295515,1],[7,0.663950502872467,-0.7477763891220093,-0.0000018447299225954339,0,-0.0000027951834908890305,-1.488968592866513e-8,-1,0,0.7477763295173645,0.6639505624771118,-0.0000021000587366870604,0,-0.008431300520896912,-0.009163985960185528,0.00012069481454091147,1],[7,0.04281852766871452,-0.9990794658660889,0.0026739155873656273,0,0.9971381425857544,0.042901940643787384,0.06224987283349037,0,-0.06230728328227997,8.151673114298319e-7,0.998056948184967,0,0.0008957955287769437,-0.0031976078171283007,-0.014083871617913246,1],[7,-0.029713260009884834,-0.9992517232894897,-0.0247636791318655,0,0.9995574355125427,-0.029667699709534645,-0.0022052465938031673,0,0.001468915375880897,-0.02481825090944767,0.99969083070755,0,-0.0006196516915224493,-0.008106320165097713,-0.014317022636532784,1],[7,-0.04321281984448433,-0.9990646243095398,0.0016286550089716911,0,0.9983549118041992,-0.04324350506067276,-0.03765277937054634,0,0.0376879945397377,-0.0000011070046639360953,0.9992893934249878,0,-0.0012984599452465773,-0.01270202174782753,-0.013967781327664852,1],[7,0.9992834329605103,0.03757771477103233,0.004518363159149885,0,0.005347129888832569,-0.258350133895874,0.966035783290863,0,0.037468768656253815,-0.9653202891349792,-0.2583657205104828,0,-0.005556604824960232,0.005089236423373222,0.001011593616567552,1],[7,0.9999998807907104,-1.0239316594606862e-7,-4.984169663657667e-7,0,5.085020120532135e-7,0.23606722056865692,0.9717361330986023,0,1.8160781323217634e-8,-0.9717367887496948,0.23606708645820618,0,-0.005445981863886118,0.0030622673220932484,-0.0004909973358735442,1],[7,0.999283492565155,-0.03757736459374428,-0.004518331028521061,0,-0.005347073078155518,-0.2583502531051636,0.966035783290863,0,-0.03746842220425606,-0.9653204679489136,-0.25836583971977234,0,0.00555660342797637,0.005089239217340946,0.0010115941986441612,1],[7,1,9.85353665328148e-8,5.180431799090002e-7,0,-5.26662972788472e-7,0.23606730997562408,0.9717361330986023,0,-2.6542698705611656e-8,-0.9717368483543396,0.23606710135936737,0,0.005445980466902256,0.0030622677877545357,-0.0004909970448352396,1],[7,1,2.842172975919474e-14,7.152558509915252e-7,0,7.152558509915252e-7,6.123234924670329e-17,-1.0000001192092896,0,-2.842172637106295e-14,1.0000001192092896,6.121202045596919e-17,0,-0.00542493024840951,-0.0024610699620097876,-0.009630325250327587,1],[7,-1,4.76806320648393e-7,-0.000022079917471273802,0,-2.180549643071572e-7,-0.9999314546585083,-0.011717373505234718,0,-0.000022083986550569534,-0.011717373505234718,0.9999314546585083,0,-0.005459233652800322,0.00045428055454976857,-0.0002172874956158921,1],[7,1,-1.4210857425707435e-13,-7.152557373046875e-7,0,-7.152557373046875e-7,6.123234924670329e-17,-1.0000001192092896,0,1.4210857425707435e-13,1.0000001192092896,6.113070529303278e-17,0,0.00542493024840951,-0.0024610699620097876,-0.009630325250327587,1]],8,8,8,8,8,8,8,8,8,8,8,8,8,8,8,8,8,8,8,8,8,8,8,8,8,8,8,8,8]]],0,0,[],[],[]],[[[3,"Black",[{"rasterizerState":{},"blendState":{"targets":[{}]},"depthStencilState":{}}],[{"DCC_APP_NAME":2,"HAS_EXPORTED_METALLIC":true}],[[[{"shininessExponent":9.607843137254903,"emissiveScale":0,"metallic":0,"specularFactor":0.25,"transparencyFactor":0},"mainColor",8,[4,4279769112],"emissive",8,[4,4279769112]]],11]]],0,0,[0],[1],[0]],[[[3,"Main",[{"rasterizerState":{},"blendState":{"targets":[{}]},"depthStencilState":{}}],[{"DCC_APP_NAME":2,"HAS_EXPORTED_METALLIC":true}],[[[{"shininessExponent":9.607843137254903,"emissiveScale":0,"metallic":0,"specularFactor":0.25,"transparencyFactor":0},"mainColor",8,[4,4294940164],"emissive",8,[4,4294940164]]],11]]],0,0,[0],[1],[0]],[[[3,"White",[{"rasterizerState":{},"blendState":{"targets":[{}]},"depthStencilState":{}}],[{"DCC_APP_NAME":2,"HAS_EXPORTED_METALLIC":true}],[[[{"shininessExponent":9.607843137254903,"emissiveScale":0,"metallic":0,"specularFactor":0.25,"transparencyFactor":0},"mainColor",8,[4,4290628294],"emissive",8,[4,4290628294]]],11]]],0,0,[0],[1],[0]],[[[3,"Main2",[{"rasterizerState":{},"blendState":{"targets":[{}]},"depthStencilState":{}}],[{"DCC_APP_NAME":2,"HAS_EXPORTED_METALLIC":true}],[[[{"shininessExponent":9.607843137254903,"emissiveScale":0,"metallic":0,"specularFactor":0.25,"transparencyFactor":0},"mainColor",8,[4,4290031746],"emissive",8,[4,4290031746]]],11]]],0,0,[0],[1],[0]],[[[3,"EyeColor",[{"rasterizerState":{},"blendState":{"targets":[{}]},"depthStencilState":{}}],[{"DCC_APP_NAME":2,"HAS_EXPORTED_METALLIC":true}],[[[{"shininessExponent":9.607843137254903,"emissiveScale":0,"metallic":0,"specularFactor":0.25,"transparencyFactor":0},"mainColor",8,[4,4282461459],"emissive",8,[4,4282461459]]],11]]],0,0,[0],[1],[0]],[[[10,"Skin-3",496344881,["CharacterArmature/Root","CharacterArmature/Root/Foot.L","CharacterArmature/Root/Body","CharacterArmature/Root/Body/Hips","CharacterArmature/Root/Body/Hips/Abdomen","CharacterArmature/Root/Body/Hips/Abdomen/Torso","CharacterArmature/Root/Body/Hips/Abdomen/Torso/Neck","CharacterArmature/Root/Body/Hips/Abdomen/Torso/Neck/Head","CharacterArmature/Root/Body/Hips/Abdomen/Torso/Neck/Head/Ear1.L","CharacterArmature/Root/Body/Hips/Abdomen/Torso/Neck/Head/Ear1.L/Ear2.L","CharacterArmature/Root/Body/Hips/Abdomen/Torso/Neck/Head/Ear1.L/Ear2.L/Ear3.L","CharacterArmature/Root/Body/Hips/Abdomen/Torso/Neck/Head/Ear1.R","CharacterArmature/Root/Body/Hips/Abdomen/Torso/Neck/Head/Ear1.R/Ear2.R","CharacterArmature/Root/Body/Hips/Abdom